47226.000
46994.000
47339.000
46885.000
47277.000
47164.000
46970.000
46615.000
46938.000
46739.000
46856.000
46919.000
46846.000
47460.000
47310.000
47083.000
47452.000
47334.000
47589.000
47494.000
47217.000
47052.000
47091.000
47065.000
47167.000
47344.000
47243.000
47312.000
47115.000
47224.000
46927.000
47159.000
47640.000
47378.000
47009.000
46899.000
47448.000
47144.000
47262.000
47095.000
47362.000
47252.000
47249.000
47142.000
47385.000
47397.000
47517.000
47287.000
46916.000
47330.000
